$ANSIBLE_VAULT;1.1;AES256
62373534396635393034646533313663366636346264653465336532306365633465333465343432
3762343566316162663562316432386337336137396434350a653566326564376339626532663838
32363961656362393866633834393037643135306561303566366536666537373638326265643639
6666373139353134330a633264633661623735336236633834313635616565396136663231626630
38303131613231643639323132623334323164623366326637353939383730313564356261363536
39613337643137316638633630383833333233336334646566333263633864666662363437333235
34643431336238666663303533313536303437656130363531646131623538366339303035656531
63373538366131353030636632646633373037373631306536616163653333323163633865356563
31303564326161663939393461383663653037333364323862633230643566306464393437623330
61636635343634373438396536623032353131323462323736383065363366623366383831323061
61343133386337343633646333653833363933656464346134356163363035363866346666633632
32383263646566343066656462313232326632636330626436393164656630343963366433393935
32656662313437633563623766356266316162646438363564633762656662613334333336303036
35373765636533666365313232373965613531616633396435393633656362363039383735396632
623733653032356338653237356131303265
