$ANSIBLE_VAULT;1.1;AES256
66656131353663306162636566626239633536636137396136363937663833376438373739306435
6463623062336631326536646562393439326565313866330a313966616130373035333163373439
62646434643330633161636337316536333535356665393235383134373139353666333737316533
3939613139346539390a313865383731663136663431356563356630356161656636383038626263
36323965333862666464323066636262663662666364343335383033316263393330333330653936
66376436316234323062653263353035646532663864393961306131313564356339616136633932
38383339316338373633333963353437333337656165633530393763313539653064656633353866
37373063383066643339376538356236626336633466376339316561663931373665656130663537
30613066383430616434333933383761313466386630623061353531306634346236366336303764
37323337663230303335666438383635626235646164323063613137306166633635376435663336
613230393837626534613762626263353861
